20160229
1
5
14
1
3
4
计算机体系结构
正心120
0
1
5
14
5
1
2
计算机体系结构
正心120
0
1
12
14
2
3
4
计算机体系结构（实验）
G712
0
1
17
17
4
9
10
[考试]计算机体系结构
正心14
0
1
2
6
3
3
4
计算机网络
正心22
0
1
8
14
3
3
4
计算机网络
正心22
0
1
2
6
5
3
4
计算机网络
正心22
0
1
8
14
5
3
4
计算机网络
正心22
0
1
9
14
7
5
6
计算机网络（实验）
格物207
0
1
18
18
3
9
10
[考试]计算机网络
正心14
0
1
16
16
7
3
4
[考试]数据库系统（英文）
正心24
0
1
3
3
3
9
10
数据库系统（英文）（实验）
格物214
0
1
3
3
6
9
10
数据库系统（英文）（实验）
格物214
0
1
6
6
3
9
10
数据库系统（英文）（实验）
格物214
0
1
6
6
6
9
10
数据库系统（英文）（实验）
格物214
0
1
9
9
3
9
10
数据库系统（英文）（实验）
格物214
0
1
9
9
6
9
10
数据库系统（英文）（实验）
格物214
0
1
12
12
3
9
10
数据库系统（英文）（实验）
格物214
0
1
12
12
6
9
10
数据库系统（英文）（实验）
格物214
0
1
12
12
7
3
4
[考试]计算复杂性初步
正心11
0
1
14
15
7
1
4
认知计算与脑机接口（实验）
D01
0
1
9
14
2
5
6
认知计算与脑机接口
正心105
0
1
9
14
4
5
6
认知计算与脑机接口
正心105
0
1
16
16
4
9
10
[考试]认知计算与脑机接口
正心11
0
1
8
14
3
5
6
计算机系统安全
正心120
0
1
8
14
5
5
6
计算机系统安全
正心120
0
1
11
13
7
7
10
计算机系统安全（实验）
D01
0
1
6
11
6
5
8
中国社会思想史
理学楼002
0
1
9
16
1
7
8
英语演讲与辩论
正心527
0
1
9
13
5
7
8
英语文化基础知识
正心316
0
1
10
10
2
9
10
[考试]嵌入式系统原理与实践
正心14


